84 104 101 32 95 95 95 95 95 95 32 111 102 32 116 104 101 32 66 114 105 116 105 115 104 32 82 111 121 97 108 32 78 97 118 121 32 119 97 115 32 118 101 114 121 32 115 116 114 111 110 103 32 105 110 32 116 104 101 32 110 105 110 101 116 101 101 110 116 104 32 99 101 110 116 117 114 121 46,109 111 98,102 108 101 101 116,99 114 101 119,115 104 111 97 108,66
68 105 115 101 97 115 101 32 114 101 100 117 99 101 100 32 116 104 101 32 102 97 114 109 101 114 8217 115 32 95 95 95 95 95 95 32 102 114 111 109 32 57 48 32 116 111 32 54 53 32 99 111 119 115 46,102 108 111 99 107,98 117 110 100 108 101,104 101 114 100,115 116 97 99 107,67
83 104 101 32 119 97 115 32 97 116 116 97 99 107 101 100 32 98 121 32 97 32 95 95 95 95 95 95 32 111 102 32 119 97 115 112 115 46,112 97 99 107,115 119 97 114 109,115 117 105 116 101,99 111 110 103 114 101 103 97 116 105 111 110,66
65 32 95 95 95 95 95 95 32 111 102 32 115 104 111 117 116 105 110 103 32 112 101 111 112 108 101 32 111 118 101 114 116 117 114 110 101 100 32 99 97 114 115 44 32 115 101 116 32 102 105 114 101 32 116 111 32 115 104 111 112 115 32 97 110 100 32 97 116 116 97 99 107 101 100 32 97 32 112 111 108 105 99 101 32 115 116 97 116 105 111 110 46,109 111 98,102 108 101 101 116,99 114 101 119,115 104 111 97 108,65
84 104 101 32 73 114 105 115 104 32 80 114 105 109 101 32 77 105 110 105 115 116 101 114 32 111 99 99 117 112 105 101 100 32 97 32 95 95 95 95 95 95 32 111 102 32 114 111 111 109 115 32 97 116 32 116 104 101 32 104 111 116 101 108 46,112 97 99 107,115 119 97 114 109,115 117 105 116 101,99 111 110 103 114 101 103 97 116 105 111 110,67
83 111 109 101 32 115 112 101 99 116 97 116 111 114 115 32 105 110 32 116 104 101 32 95 95 95 95 95 95 32 100 105 115 97 103 114 101 101 100 32 119 105 116 104 32 116 104 101 32 114 101 102 101 114 101 101 8217 115 32 100 101 99 105 115 105 111 110 46,98 117 110 99 104,99 114 111 119 100,97 117 100 105 101 110 99 101,115 101 116,66
72 101 32 98 111 117 103 104 116 32 97 32 108 97 114 103 101 32 95 95 95 95 95 95 32 111 102 32 98 97 110 97 110 97 115 46,98 117 110 99 104,99 114 111 119 100,97 117 100 105 101 110 99 101,115 101 116,65
84 104 101 32 112 114 105 101 115 116 32 119 97 115 32 118 101 114 121 32 115 97 100 32 116 111 32 115 101 101 32 104 105 115 32 95 95 95 95 95 95 32 103 101 116 116 105 110 103 32 115 109 97 108 108 101 114 32 119 101 101 107 32 98 121 32 119 101 101 107 46,112 97 99 107,115 119 97 114 109,115 117 105 116 101,99 111 110 103 114 101 103 97 116 105 111 110,68
70 105 115 104 105 110 103 32 98 111 97 116 115 32 117 115 101 32 109 111 100 101 114 110 32 101 113 117 105 112 109 101 110 116 32 116 111 32 108 111 99 97 116 101 32 116 104 101 32 95 95 95 95 95 95 32 111 102 32 102 105 115 104 46,109 111 98,102 108 101 101 116,99 114 101 119, 115 104 111 97 108 115,68
83 104 101 32 108 111 115 116 32 104 101 114 32 98 97 108 97 110 99 101 32 97 110 100 32 102 101 108 108 32 100 111 119 110 32 97 32 95 95 95 95 95 95 32 111 102 32 115 116 101 112 115 46,103 97 110 103,102 108 105 103 104 116,99 108 117 109 112,115 101 116,66
72 101 32 119 97 115 32 116 104 101 32 108 101 97 100 101 114 32 111 102 32 97 32 119 101 108 108 45 107 110 111 119 110 32 95 95 95 95 95 95 32 111 102 32 99 114 105 109 105 110 97 108 115 46,103 97 110 103,102 108 105 103 104 116,99 108 117 109 112,115 101 116,65
87 101 32 115 97 116 32 100 111 119 110 32 105 110 32 116 104 101 32 115 104 97 100 101 32 111 102 32 97 32 95 95 95 95 95 95 32 111 102 32 116 114 101 101 115 46,103 97 110 103,102 108 105 103 104 116,99 108 117 109 112,115 101 116,67
73 110 32 115 112 114 105 110 103 32 95 95 95 95 95 95 32 111 102 32 98 105 114 100 115 32 97 114 114 105 118 101 32 98 97 99 107 32 105 110 32 69 117 114 111 112 101 32 97 102 116 101 114 32 115 112 101 110 100 105 110 103 32 116 104 101 32 119 105 110 116 101 114 32 105 110 32 65 102 114 105 99 97 46,102 108 111 99 107 115,98 117 110 100 108 101 115,104 101 114 100 115,115 116 97 99 107 115,65
79 117 114 32 112 105 99 110 105 99 32 119 97 115 32 99 111 109 112 108 101 116 101 108 121 32 114 117 105 110 101 100 32 98 121 32 97 32 95 95 95 95 95 95 32 111 102 32 97 110 116 115 46,112 97 99 107,115 119 97 114 109,115 117 105 116 101,99 111 110 103 114 101 103 97 116 105 111 110,66
72 101 32 103 97 118 101 32 104 101 114 32 97 32 95 95 95 95 95 95 32 111 102 32 102 108 111 119 101 114 115 46,98 117 110 99 104,99 114 111 119 100,97 117 100 105 101 110 99 101,115 101 116,65
66 114 105 116 105 115 104 32 65 105 114 119 97 121 115 32 104 97 115 32 97 32 95 95 95 95 95 95 32 111 102 32 50 54 32 66 111 101 105 110 103 32 55 52 55 115 46,109 111 98,102 108 101 101 116,99 114 101 119,115 104 111 97 108,66
83 104 101 32 103 97 118 101 32 97 32 95 95 95 95 95 95 32 111 102 32 111 108 100 32 99 108 111 116 104 101 115 32 116 111 32 97 32 99 104 97 114 105 116 121 32 111 114 103 97 110 105 122 97 116 105 111 110 46,102 108 111 99 107,98 117 110 100 108 101,104 101 114 100,115 116 97 99 107,66
84 104 101 32 95 95 95 95 95 95 32 97 112 112 108 97 117 100 101 100 32 116 104 101 32 110 101 119 32 112 108 97 121 32 101 110 116 104 117 115 105 97 115 116 105 99 97 108 108 121 46,98 117 110 99 104,109 111 98,97 117 100 105 101 110 99 101,115 101 116,67
72 97 115 32 97 110 121 111 110 101 32 115 101 101 110 32 97 32 95 95 95 95 95 95 32 111 102 32 107 101 121 115 63 32 73 32 108 101 102 116 32 116 104 101 109 32 115 111 109 101 119 104 101 114 101 46,98 117 110 99 104,99 114 111 119 100,115 116 97 99 107,115 101 116,65
71 111 108 102 32 105 115 32 97 110 32 101 120 112 101 110 115 105 118 101 32 103 97 109 101 46 32 89 111 117 8217 108 108 32 110 101 101 100 32 97 32 95 95 95 95 95 95 32 111 102 32 99 108 117 98 115 46,98 117 110 99 104,99 114 111 119 100,97 117 100 105 101 110 99 101,115 101 116,68
84 104 101 32 98 111 111 107 115 32 119 101 114 101 32 97 114 114 97 110 103 101 100 32 105 110 32 97 32 95 95 95 95 95 95 32 111 110 101 32 111 110 32 116 111 112 32 111 102 32 116 104 101 32 111 116 104 101 114 46,102 108 111 99 107 115,98 117 110 100 108 101,104 101 114 100,115 116 97 99 107,68
84 104 101 121 8217 118 101 32 98 111 117 103 104 116 32 97 32 108 101 97 116 104 101 114 32 116 104 114 101 101 45 112 105 101 99 101 32 95 95 95 95 95 95 32 45 32 97 32 115 111 102 97 32 97 110 100 32 116 119 111 32 97 114 109 99 104 97 105 114 115 46,112 97 99 107,115 119 97 114 109,115 117 105 116 101,99 111 110 103 114 101 103 97 116 105 111 110,67
76 101 116 8217 115 32 112 108 97 121 32 97 32 103 97 109 101 46 32 87 104 111 8217 115 32 103 111 116 32 97 32 95 95 95 95 95 95 32 111 102 32 99 97 114 100 115 63,112 97 99 107,115 119 97 114 109,115 119 97 114 109,99 111 110 103 114 101 103 97 116 105 111 110,65
84 104 101 32 99 114 117 105 115 101 32 115 104 105 112 32 99 97 114 114 105 101 115 32 49 53 48 32 112 97 115 115 101 110 103 101 114 115 32 97 110 100 32 97 32 95 95 95 95 95 95 32 111 102 32 56 53 46,109 111 98,102 108 101 101 116,99 114 101 119,115 104 111 97 108,67
84 104 101 32 95 95 95 95 95 95 32 111 102 32 115 104 101 101 112 32 119 97 115 32 99 111 110 116 114 111 108 108 101 100 32 98 121 32 97 32 115 104 101 112 104 101 114 100 32 97 110 100 32 116 119 111 32 100 111 103 115 46,104 101 114 100,98 117 110 100 108 101,115 101 116,115 116 97 99 107,65